$ANSIBLE_VAULT;1.1;AES256
66346232643235653062363565616434666136613065666466333662616265363734363339373839
3333383761613866333665353833333731613465383533350a613433313062626262346435356139
62663433393763333630343233386231613238303164383262333038373739393833373866643665
3335646634633736350a383530616636343663653733333466663366613737333331356632323230
37393137396262303737313832613862386564306661663030376538633339313730376234333135
36303537373361336434366633303335333935663437396637306364636662633930313432393433
65363463313431623666326339363936356333613165333635613261396133363932623864343464
35303537353339393733363262386236663037633365333337383935666233626332336534333462
33646139393734363463316631313138373833353364663864313836616634306233363464376561
37396530633862393762366134396661336237393737333631373235623265393139626162383539
61393534376663313862383538303239636339316265326432336232613238666565633734376631
38386538633161643536373165323264333365353364313738633861343264323461613164383932
35623634613734373766366163656138653634396533356334656665306566386366
