$ANSIBLE_VAULT;1.1;AES256
30383134373139396639373662356432393538646566386235666236333934343936303930313134
3463303036326339613465663736623863636132386365370a376664326137626139633663396236
36303562663761636361633664653336316165343166623837663836376433303433383333316534
6163633464396439300a313038633038663361323537333431333535356533313434616432633434
35336361333234656634333562663632633531316633626562376535346632616461646462373438
63353839303336646338333964356335633161623232363137306438333930343437376566663935
38646338366537666433623536356430363633623134626436326231343738343565353331336264
30633463313864363263383761316131336130326261343863646363623938376162383466323335
63666666393732313239346138313032346566613361386536373433356463616631336166313863
36366438623033613936343339626430376633643634363532613633613534313236643465353436
32636430663062316165306362303561666332353761383166303333323365393134656130323034
61363638653063643536333362616336646435623034663962313966393239363633653134353133
65386630376163353133303439316162303963323663663939346633306438626138
